1: | -1
2: 39 37 43 111 192 32 49 16 22 17 20 26 64 37 70 47 46 39 34 54 39 43 59 64 3 75 110 58 96 60 1 1 20 74 48 107 1 2 1 278 1 37 61 1 136 58 126 41 109 2 78 2 1 1 1 607 167 75 28 5 187 96 117 50 92 70 93 89 109 151 39 226 47 50 150 21 49 21 114 1 1 2 1 145 1 2 1 1 1 2 48 24 31 31 27 257 33 40 47 48 286 55 51 185 134 1 2 1 40 76 2 1 1 26 20 20 62 117 2 2 84 55 45 70 83 68 182 45 36 19 36 34 798 53 189 67 121 82 59 1 1 2 35 56 3 1 1 95 83 301 149 3 1 264 75 111 2 1 1 1 2 98 124 34 29 31 45 34 80 178 49 27 51 57 45 94 174 88 27 1 1 1 2 2 45 3 1 56 59 40 1 2 3 67 82 30 158 52 98 54 238 60 219 35 129 156 1 1 51 58 39 39 49 30 36 31 49 1184 109 61 113 125 105 67 83 99 127 81 65 33 43 37 42 60 21 33 50 46 32 56 55 45 28 44 58 51 28 36 45 51 52 128 2 291 1 2 1 60 60 79 1 359 2 86 49 1 1 1 33 236 158 1 3 206 32 67 53 147 68 138 75 144 96 141 144 1 2 40 90 119 70 51 11 57 92 123 60 100 51 39 254 70 100 102 103 2 1 1 128 85 30 96 87 91 64 80 185 133 71 86 155 96 86 163 107 | -1
3: 115 183 182 68 55 104 81 117 167 81 2244 191 20 273 90 186 167 72 78 72 228 78 76 200 77 64 107 92 66 181 54 53 106 364 593 85 97 85 176 123 141 123 82 627 417 1009 93 116 54 98 114 139 85 141 103 127 178 1051 45 77 88 57 105 89 158 116 50 77 68 91 55 90 160 187 376 106 105 653 997 169 94 139 86 85 64 120 241 94 156 167 224 462 484 215 109 257 438 66 83 91 113 94 137 108 | -1
4: 128 151 282 268 128 288 120 189 180 137 202 85 110 151 102 90 75 178 131 86 176 52 121 181 673 185 209 74 120 793 203 106 85 271 132 105 261 282 121 206 130 128 127 90 77 79 393 181 722 82 507 2 181 264 298 204 637 181 252 216 180 194 119 269 223 157 85 71 1 209 276 364 103 150 173 101 223 209 66 73 191 567 73 66 72 480 285 696 275 145 73 72 90 194 70 2 414 1 154 1051 1456 913 1179 189 207 542 | -1
5: 69 9 158 346 1 4203 142 3085 1 151 1926 87 159 386 50 892 794 199 643 2115 44 55 159 2206 9 3 2 4 | -1
6: 119 275 231 522 527 517 105 510 732 687 1851 3212 878 2139 663 495 149 187 77 187 521 454 107 209 194 88 933 983 143 948 414 641 428 1676 535 203 227 131 132 924 496 422 | -1
7: 60 183 90 162 75 75 76 90 390 312 22 49 19 180 278 180 195 180 61 124 151 135 90 90 234 127 561 119 255 133 1156 22 7 13 3 9 2 3 2 442 245 4 39 3 10 4 4 6 3 2 60 13 2 7 1 1 1 2 862 16 138 8 74 539 296 259 60 172 121 285 285 105 271 176 348 52 75 196 157 211 45 97 45 75 316 180 105 90 248 195 480 60 91 180 90 60 271 53 37 82 85 179 86 130 90 105 61 148 106 22 1 2 155 465 120 150 151 165 120 210 259 60 113 225 270 90 128 255 331 202 60 90 136 195 135 90 134 105 75 255 105 | -1
8: 30 39 27 91 51 83 55 83 67 81 54 204 105 10 5 1 1 1 4 1 1 1 2 2 1 1 1 1 1 1 1 1 1 1 1 1 1 1 1 1 1 35 132 65 43 98 414 72 78 389 82 48 294 253 88 78 116 99 239 215 56 167 78 91 178 123 60 4 8 104 167 337 106 59 159 160 342 126 51 52 139 107 60 83 65 52 233 120 308 419 413 178 111 243 195 147 359 92 171 113 198 126 159 165 227 140 200 59 330 167 1 143 168 68 20 20 20 4 4 4 4 1 42 78 43 46 101 291 72 160 219 97 97 84 207 121 98 121 145 64 97 67 230 46 90 107 60 156 80 122 80 184 99 92 655 56 125 265 62 59 46 93 50 115 65 135 85 149 51 216 54 411 137 147 106 62 175 416 190 54 69 109 118 394 73 199 40 61 182 136 40 54 107 88 119 91 61 119 175 159 228 214 41 82 52 97 50 115 140 136 | -1
9: 275 56 47 40 40 103 79 59 22 237 138 133 453 65 247 120 64 99 159 80 102 93 207 92 91 82 119 122 113 100 139 448 5955 68 89 103 128 267 129 112 155 129 68 126 113 337 214 200 142 365 103 140 182 193 138 99 115 167 297 110 131 29 87 155 100 82 58 134 89 113 96 100 153 104 41 178 94 154 151 259 100 184 683 154 149 163 479 153 76 138 83 299 71 177 217 161 103 226 65 94 56 165 166 72 73 86 119 56 105 56 43 97 96 166 121 77 327 268 150 172 212 141 | -1
10: 1350 408 597 150 381 476 1417 1086 736 235 234 212 931 365 699 898 248 320 321 112 333 322 611 283 218 708 400 358 1609 125 831 709 277 176 257 200 291 146 1044 229 2232 | -1
11: 66 42 31 85 1 64 36 6 54 6 54 6 127 30 23 28 159 48 12 18 15 37 53 40 167 6 6 54 5 6 5 6 5 7 2 24 47 24 44 2 13 5 36 11 55 82 152 45 4 6 6 12 6 6 6 18 12 17 538 7 35 108 107 130 36 62 94 159 27 112 62 70 168 73 37 6 12 7 22 55 51 108 74 61 156 80 289 19 6 17 24 6 18 24 6 17 24 6 2 6 6 23 92 36 74 111 178 47 280 148 191 36 19 5 6 7 17 6 5 125 55 245 33 19 115 66 41 34 214 18 7 12 14 150 166 208 162 19 6 18 23 7 17 24 6 8 187 418 105 177 53 112 79 90 19 41 89 107 43 31 30 29 35 78 87 346 112 148 80 144 182 874 47 43 106 46 360 99 146 92 18 204 6 54 98 43 117 380 205 45 113 113 60 55 101 210 106 133 102 172 53 33 26 39 125 44 8 14 138 6 6 8 6 46 8 1 1 1 7 1 515 132 2 973 | -1
12: 1 357 1 632 1 71 36 1 19 214 1 58 1 448 89 1 191 1 246 1 107 1 1143 6 1 731 1 656 1 246 1 812 1 102 1 94 1 759 1 129 1 205 1 144 560 1 70 27 1 980 551 1 485 1 213 1 582 1 393 1 54 1 216 1 246 1 79 1 21 1 280 1 230 1 622 1 184 35 375 1 316 1 771 1 84 1 400 1 251 1 145 7 124 1 44 17 1 60 247 | -1 
13: 32 41 27 37 27 84 66 18 27 17 20 15 20 48 20 91 713 497 72 213 633 203 428 251 563 405 201 193 157 206 311 267 211 62 113 107 49 166 142 1136 149 200 149 368 309 73 96 439 508 125 64 108 279 70 129 64 217 104 111 255 180 170 19 121 212 2 60 89 186 230 103 205 80 117 104 63 93 153 48 52 92 169 50 361 34 79 80 224 70 93 88 103 98 78 73 176 109 42 77 55 148 53 35 78 112 416 14 1 117 85 54 45 31 138 57 70 64 27 27 77 48 40 44 25 45 40 52 95 226 79 279 35 22 25 73 15 38 179 70 60 117 358 121 136 44 65 191 58 302 153 281 32 274 60 | -1
14: 80 42 88 126 152 54 56 113 85 90 145 41 293 47 141 47 1 59 385 215 40 1 1 1 2 3 129 15 15 15 18 15 15 17 15 15 3 62 61 39 66 103 11 101 2 47 108 115 78 2 1 69 60 53 39 31 67 42 109 42 123 61 74 137 48 31 58 55 63 2 45 8 12 133 2 41 116 36 30 3 17 10 3 179 105 85 42 51 67 61 185 10 1 1 2 46 154 85 66 74 81 52 32 75 37 260 166 43 49 21 94 23 2 1 1 1 44 1 2 1 92 2 1 1 35 56 34 91 54 29 1 1 2 1 1 1 2 1 1 1 2 1 21 136 60 37 32 8 1 1 235 15 24 22 109 145 58 227 114 35 290 106 251 50 33 107 44 24 54 18 79 66 132 96 201 109 32 4 85 44 61 70 145 65 45 40 140 18 16 45 461 68 30 85 1 1 14 1 74 324 107 184 107 108 47 153 57 108 91 204 102 23 75 24 2 16 89 81 75 147 1 30 107 118 79 47 94 19 46 275 85 27 2 52 96 134 38 550 168 13 155 121 19 1 1 44 36 49 54 4 1 215 77 52 87 61 78 14 56 1 3 1 77 4 1 23 5 1 4 7 48 1 3 1 7 2 1 2 2 1 10 4 16 1 4 29 28 29 124 15 26 34 2 4 33 112 130 6 9 5 1 5 2 2 1 3 1 3 1 2 3 5 1 6 2 2 5 6 4 1 12 3 34 35 39 66 28 41 79 71 24 88 | -1
15: 11 18 94 37 87 51 45 73 33 76 34 29 21 3 31 52 28 132 64 26 17 41 29 67 52 83 51 59 39 3 25 29 24 29 92 29 53 56 16 113 48 72 24 38 91 71 44 136 19 23 44 136 22 25 25 44 37 67 32 247 85 22 28 33 52 39 89 74 63 61 63 51 80 214 39 73 62 94 37 171 48 104 85 72 29 32 32 16 1 20 279 102 46 43 50 26 26 230 28 36 18 95 83 28 39 126 67 72 115 20 78 1 1 96 1 1 1 1 1 1 1 39 1 1 1 1 1 1 1 85 1 1 1 1 1 1 1 1 1 50 1 1 1 1 1 1 1 54 1 1 1 1 1 1 1 1 21 120 39 249 108 142 90 1 1 32 138 194 12 87 8 38 75 52 87 44 204 63 1 1 47 21 1 45 1 56 44 4 127 69 1 1 1 33 133 52 41 70 53 41 36 28 27 33 30 21 12 47 78 45 1 2 1 1 1 1 1 99 46 48 105 77 31 23 59 121 47 35 10 11 11 13 14 37 129 70 61 72 61 87 108 50 30 55 39 1 1 1 61 126 26 1 1 6 88 192 52 1 1 1 1 1 1 1 1 1 1 1 1 4 1 1 9 43 41 232 59 64 5 114 74 59 79 100 313 102 119 145 27 41 181 51 29 38 31 5 20 5 29 87 80 61 203 87 121 78 50 78 63 71 15 28 69 127 152 99 98 84 86 98 62 29 43 47 355 124 128 90 141 62 31 29 18 26 97 24 185 67 126 159 64 75 130 142 125 121 100 44 83 63 64 58 22 167 84 47 132 53 19 25 29 28 33 3 22 | -1
16: 8 7 8 7 8 7 8 7 8 7 8 7 4 4 3 4 4 4 3 4 4 4 3 4 4 4 371 1 8 98 102 1 49 268 77 41 152 100 1084 81 64 134 696 141 63 191 261 4 5609 246 133 281 519 30 95 51 129 267 208 251 50 199 6085 92 106 82 83 109 111 58 65 81 66 175 117 46 32 33 22 35 32 347 104 136 66 130 379 355 118 227 289 647 147 361 97 234 61 344 | -1
17: 39 14 21 11 17 16 17 14 17 16 13 12 26 23 41 61 14 3 1 1 2 1 10 13 17 29 3 1 20 9 26 52 62 74 29 16 43 26 20 20 23 10 33 1 1 17 1 8 27 20 13 29 17 18 20 37 27 20 17 25 22 26 66 35 32 41 23 27 24 24 25 18 16 15 1 2 1 1 1 1 1 2 3 2 7 2 2 1 4 1 4 1 2 1 7 1 2 8 16 11 31 21 62 63 31 22 28 26 11 17 2 1 76 84 45 49 59 6 20 1 1 8 26 19 49 25 10 19 7 11 12 10 18 35 24 11 14 49 34 24 11 21 38 53 27 13 1 23 34 13 16 16 9 10 8 2 12 20 14 20 73 55 1 12 1 5 1 4 1 19 3 20 15 1 1 10 30 17 124 10 11 10 4 1 6 1 21 20 7 10 22 11 9 15 14 15 15 36 12 22 17 21 22 20 28 57 58 2 1 1 47 33 51 32 9 7 5 15 15 15 14 10 16 23 103 24 42 43 26 20 19 24 51 2 1 67 38 25 21 23 31 24 35 3 26 24 21 25 27 3 43 17 17 16 21 20 36 94 67 57 2 42 14 39 83 52 1 1 4 2 3 2 3 2 3 2 12 41 45 5 1 64 65 13 1 9 4 5 2 6 9 2 1 2 1 7 26 28 47 47 16 9 9 9 9 15 26 58 27 99 45 13 14 58 35 27 33 36 26 15 60 39 14 4 1 19 1 2 1 1 1 1 2 1 1 3 1 1 2 1 2 2 1 2 1 1 1 7 1 7 1 86 52 40 30 23 39 77 41 45 1 21 20 15 12 29 97 69 8 34 39 54 39 63 39 30 9 1 19 24 50 50 80 36 1 1 36 34 65 23 41 19 87 44 40 71 26 22 19 38 14 18 7 35 7 5 5 55 22 1 2 1 3 30 17 1 1 1 1 1 2 1 3 2 1 21 50 17 22 21 34 30 30 30 24 45 7 5 7 1 12 1 4 1 18 1 2 1 3 9 1 7 17 21 12 17 22 20 21 25 19 14 15 12 15 7 10 60 35 45 21 22 33 28 1 1 1 1 1 2 1 1 1 5 3 1 6 7 14 16 23 33 37 44 40 30 39 16 30 78 3 56 17 10 10 10 10 27 16 9 21 22 26 50 31 21 19 22 15 36 44 20 15 25 52 59 27 44 96 47 23 48 41 51 51 36 27 33 1 46 2 1 31 32 43 18 55 33 17 13 28 33 36 68 32 37 30 86 15 1 1 1 13 53 49 24 18 27 28 1 1 51 45 16 16 71 35 2 1 7 1 1 1 1 1 8 1 1 45 33 45 18 21 17 12 23 3 7 1 2 1 1 2 1 1 1 2 1 1 1 1 4 3 3 4 1 2 1 48 22 26 19 19 10 22 14 23 16 19 27 19 1 3 35 54 25 61 52 21 3 8 6 7 7 10 7 9 4 1 3 2 6 1 1 1 5 1 4 25 17 25 24 143 19 36 31 47 13 15 85 15 36 37 47 55 20 24 36 18 25 20 19 23 16 21 16 1 1 10 25 1 1 1 33 15 22 29 12 18 25 31 31 20 8 1 1 18 28 21 6 1 1 12 17 2 1 1 1 26 25 21 53 17 39 25 8 25 51 29 67 1 1 9 27 17 15 45 45 18 49 60 35 34 1 23 45 13 10 18 11 13 18 16 17 23 14 14 10 20 144 47 | -1
18: 34 28 13 15 28 28 28 28 28 28 49 1242 362 2185 1 2 1497 79 250 260 265 58 84 42 196 193 98 232 89 20 49 57 66 53 4 4 2 7 105 89 154 3 103 172 157 81 18 45 104 5 12 3 1 10 90 75 55 22 96 245 140 1 1 1 7 2 1 1 2 2 51 3 198 16 35 3 22 15 43 117 90 70 22 5 1 94 262 64 314 169 113 264 76 182 58 65 13 93 82 195 60 194 48 92 1 11 175 1 148 53 106 396 685 111 259 64 121 21 112 17 3 3 4 2 4 3 3 3 3 3 210 286 677 52 375 6 12 2 6 3 3 48 3 2 4 2 171 58 3 19 25 3 6 10 173 473 136 220 84 63 342 149 192 202 48 149 252 174 98 94 62 54 76 64 210 49 50 123 10 16 23 802 18 13 15 6 5 4 4 4 4 4 4 4 3 3 3 3 3 3 3 3 3 3 3 3 6 3 4 3 3 3 3 3 3 3 3 3 3 3 3 3 3 3 3 3 6 3 3 3 3 3 3 3 3 3 3 3 3 3 3 3 3 3 3 3 3 3 3 3 3 3 3 3 3 3 3 3 4 4 4 8 4 4 4 11 13 171 149 27 212 280 83 138 191 103 193 194 193 76 47 86 22 148 1 1 1 1 1 1 1 4 1 1 1 3 569 1 2 3 1 1 2 1 1 1 | -1
19: 1 1 2 1 1 18 18 17 12 20 19 27 40 20 18 13 42 48 91 69 46 44 30 44 65 27 12 11 15 52 54 11 32 13 9 35 40 29 59 9 104 41 66 19 15 7 2 1 1 1 2 1 2 2 1 1 13 2 1 23 35 28 27 19 19 22 25 29 1 1 2 1 1 1 2 1 1 1 30 28 2 5 6 5 5 1 19 25 1 1 1 2 28 3 1 1 2 1 1 1 2 1 1 1 25 13 56 25 19 29 15 35 31 48 1 7 47 15 27 5 3 20 14 15 1 1 1 2 1 44 35 26 19 23 64 39 30 59 47 53 5 18 15 72 25 1 2 27 31 17 20 5 5 21 39 19 30 31 19 36 45 15 48 68 34 36 18 14 11 71 30 79 51 37 29 72 33 71 29 37 48 31 30 43 26 31 25 2 10 36 6 1 49 59 25 20 22 24 2 1 1 1 2 1 1 1 2 1 1 1 3 17 22 28 24 38 22 30 30 4 1 1 2 1 1 1 2 1 1 40 40 28 21 18 22 26 25 23 56 48 15 47 40 44 59 64 52 57 45 44 32 20 10 31 49 58 29 32 70 23 51 1 20 33 22 22 32 56 54 18 52 10 127 23 5 5 72 52 163 1 1 2 1 1 119 24 1 1 2 2 50 6 4 33 12 1 2 2 40 35 47 55 37 47 35 41 37 25 32 32 133 90 15 22 33 21 27 28 32 53 40 56 48 78 47 42 99 35 58 53 61 69 21 20 47 30 32 13 19 108 50 39 18 1 41 23 15 16 73 66 51 37 52 10 19 27 143 134 64 35 31 19 22 44 58 20 20 6 6 7 6 6 74 22 34 94 45 108 84 58 68 32 12 13 14 14 17 51 17 20 20 1 2 1 1 1 2 25 20 22 1 2 1 1 1 2 6 22 39 15 2 52 33 1 1 1 14 3 22 1 29 43 32 20 27 61 2 3 1 1 2 33 32 48 54 39 24 20 35 15 15 17 22 22 74 34 70 25 99 26 115 54 45 26 19 1 47 134 2 5 76 35 19 33 16 16 28 47 42 33 17 28 27 15 26 43 18 19 44 26 3 1 10 19 18 22 33 43 56 23 30 1 1 10 2 13 3 10 1 3 7 44 34 37 34 45 83 40 39 20 21 30 40 26 29 44 1 1 17 37 73 63 | -1
20: 30 28 30 26 24 31 29 1166 1467 415 557 258 86 98 351 374 148 194 97 764 451 541 399 339 459 45 58 259 1494 120 5244 3 3 5 278 46 156 57 123 | -1
